-0.0000000000 0.0000000000
-0.0000000000 0.0000000000
0.0000000000 0.0000000000
-0.0468424484 0.0000000000
0.0000000000 0.0000000000
0.2274562716 0.0000000000
-0.2274562716 0.0000000000
-0.0104255201 0.0000000000
-0.0000000000 0.0000000000
-0.3752646446 0.0000000000
0.6495633721 0.0000000000
0.0506239533 0.0000000000
-0.2274562716 0.0000000000
-0.0835210234 0.0000000000
0.0433225855 0.0000000000
-0.0000000000 0.0000000000
-0.0000000000 0.0000000000
0.1946508288 0.0000000000
-0.3752646446 0.0000000000
-0.0506239533 0.0000000000
0.2274562716 0.0000000000
0.1445704997 0.0000000000
-0.0835210234 0.0000000000
-0.0000000000 0.0000000000
-0.0468424484 0.0000000000
-0.0506239533 0.0000000000
0.0506239533 0.0000000000
0.0000000000 0.0000000000
-0.0104255201 0.0000000000
-0.0000000000 0.0000000000
-0.0000000000 0.0000000000
-0.0000000000 0.0000000000
