0.0000000000 0.0000000000
0.0000000000 0.0000000000
0.0000000000 0.0000000000
0.0316937864 0.0000000000
0.0000000000 0.0000000000
0.1538978219 0.0000000000
0.1538978219 0.0000000000
0.0360334590 0.0000000000
0.0000000000 0.0000000000
0.2539055645 0.0000000000
0.4394971728 0.0000000000
0.1749702841 0.0000000000
0.1538978219 0.0000000000
0.2886715829 0.0000000000
0.1497347653 0.0000000000
0.0000000000 0.0000000000
0.0000000000 0.0000000000
0.1317015290 0.0000000000
0.2539055645 0.0000000000
0.1749702841 0.0000000000
0.1538978219 0.0000000000
0.4996753335 0.0000000000
0.2886715829 0.0000000000
0.0000000000 0.0000000000
0.0316937864 0.0000000000
0.1749702841 0.0000000000
0.1749702841 0.0000000000
0.0000000000 0.0000000000
0.0360334590 0.0000000000
0.0000000000 0.0000000000
0.0000000000 0.0000000000
0.0000000000 0.0000000000
