-1.42028e-21
4.44464e-14
-3.82904e-14
1.03147e-14
-3.56658e-14
1.61559e-14
-1.2867e-13
-1.31929e-14
3.86712e-14
1.44497e-13
-9.88631e-17
1.97461e-14
5.43131e-15
2.1012e-14
-1.4657e-14
4.80825e-16
-9.16152e-15
6.12589e-14
-8.25916e-14
-4.45828e-15
-7.73377e-14
1.25367e-14
-4.88415e-14
-2.01126e-15
5.10414e-14
3.05017e-14
1.42156e-15
1.76675e-15
-4.06848e-15
2.21812e-15
-2.45444e-15
1.04103e-21
4.38809e-14
6.58957e-14
-6.55161e-14
-1.20696e-13
-5.39627e-14
-1.27573e-13
-1.4128e-13
-5.30196e-14
6.02342e-14
-7.08244e-14
-1.39826e-13
-4.59027e-14
-9.05641e-14
-3.02422e-14
-3.90545e-14
7.813e-06
-1.23395e-14
-9.08851e-14
-1.36671e-13
-4.02156e-14
-1.45065e-13
-3.83615e-14
-2.67244e-14
-5.37015e-05
-7.99205e-14
-1.80854e-14
-2.55314e-14
0.000149191
-9.48984e-15
-0.000202965
9.96624e-05
1.93135e-14
-1.8428e-13
9.38839e-14
-5.23983e-14
5.31067e-13
-5.51106e-14
5.24615e-13
4.55255e-13
2.1752e-13
5.98772e-14
5.27029e-13
4.84012e-13
1.95131e-13
4.49776e-13
1.5811e-13
1.42505e-13
-5.38763e-05
-2.20185e-14
5.16493e-13
4.43372e-13
1.66221e-13
4.33881e-13
1.65289e-13
9.80803e-14
0.000403891
4.36967e-13
9.94525e-14
9.03927e-14
-0.00122125
4.34167e-14
0.0017814
-0.000910166
-8.0811e-14
-2.43771e-14
3.7672e-13
3.23757e-13
1.01056e-13
3.08001e-13
6.68954e-14
5.55907e-14
-0.000727647
3.20512e-13
6.72336e-14
2.22638e-14
0.00346346
1.58089e-14
-0.00584687
0.00315711
-4.84355e-14
2.80712e-13
3.30213e-14
7.60099e-15
-0.00277863
-1.53946e-14
0.00823644
-0.00508034
-5.55079e-14
-2.7371e-14
-0.00315726
0.00354449
2.12174e-16
-0.000810752
2.16746e-14
2.69329e-15
3.80441e-13
1.56619e-13
6.17189e-14
-7.72411e-14
-4.50043e-13
-6.46185e-14
-4.28008e-13
-4.69841e-13
-1.96541e-13
7.10731e-14
-3.6211e-13
-4.06214e-13
-1.5323e-13
-3.7684e-13
-1.21794e-13
-1.30777e-13
0.000149568
-1.32277e-14
-4.03075e-13
-4.3768e-13
-1.51442e-13
-4.10296e-13
-1.33968e-13
-1.22347e-13
-0.001222
-3.42965e-13
-6.691e-14
-7.60406e-14
0.00396782
-3.83515e-14
-0.00609095
0.00319557
6.72181e-14
3.39072e-14
-4.81526e-13
-5.16243e-13
-1.46288e-13
-4.84537e-13
-1.02399e-13
-1.14448e-13
0.00346327
-4.10127e-13
-4.80093e-14
-5.06439e-14
-0.0171996
-1.772e-14
0.0302161
-0.0166371
8.10234e-14
-4.15227e-13
-3.57865e-14
-3.44276e-14
0.0160855
-1.03628e-14
-0.0491577
0.0308847
5.37081e-14
5.23787e-14
0.0198877
-0.0228906
3.4554e-14
0.0053478
1.51695e-15
-3.69438e-14
-5.45129e-13
3.48521e-16
9.61971e-14
5.09361e-14
2.84196e-14
5.41423e-14
2.63234e-14
5.31752e-15
-0.00277758
8.50718e-14
3.58881e-14
2.2858e-14
0.0160834
1.21404e-14
-0.0318295
0.018428
-1.30283e-14
5.96144e-14
2.46249e-14
-9.50568e-15
-0.0279243
8.79363e-15
0.090818
-0.0592981
-2.28343e-14
7.70744e-15
-0.0420847
0.051179
3.15381e-15
-0.0125943
8.88782e-15
-2.23348e-14
7.79317e-14
-2.48706e-14
1.55347e-14
1.10678e-15
0.0101847
-1.56264e-15
-0.0371137
0.0269709
-1.82897e-14
2.48887e-14
0.0319805
-0.0445125
2.63049e-14
0.0125935
7.48168e-15
-2.592e-14
-4.14377e-14
1.31383e-14
-0.00743659
0.0118693
-7.9078e-15
-0.00534648
-8.7762e-15
-4.73797e-14
-3.55249e-14
0.000810263
2.10934e-14
-1.25105e-14
-4.76053e-14
-2.31308e-14
-3.85708e-14
-2.70232e-14
8.64454e-15
2.22865e-13
5.48969e-14
-8.4581e-14
-6.32637e-13
-6.90592e-14
-6.09896e-13
-6.55297e-13
-2.70799e-13
7.41511e-14
-5.3751e-13
-5.80235e-13
-2.06989e-13
-5.53896e-13
-1.77141e-13
-1.82295e-13
-0.00020291
-3.26373e-16
-5.6308e-13
-6.00414e-13
-1.96821e-13
-5.69704e-13
-1.54072e-13
-1.68037e-13
0.00178139
-4.91267e-13
-9.26452e-14
-9.69816e-14
-0.00609115
-6.20669e-14
0.00966819
-0.00515552
1.01511e-13
4.32116e-14
-6.4431e-13
-6.76941e-13
-1.74477e-13
-6.40053e-13
-1.42363e-13
-1.4669e-13
-0.00584693
-5.54869e-13
-6.08094e-14
-5.79064e-14
0.0302162
-3.34736e-14
-0.0550129
0.0308388
9.64614e-14
-5.48359e-13
-3.58507e-14
-5.25625e-14
-0.0318292
5.79481e-15
0.0996004
-0.063652
6.16828e-14
6.7097e-14
-0.0421834
0.0497384
2.36634e-14
-0.0118693
-2.69321e-15
-4.08131e-14
-7.22766e-13
4.34693e-15
-7.37433e-14
-1.18515e-13
-2.00265e-14
-1.09705e-13
-1.70064e-14
-3.47873e-14
0.00823629
-6.73473e-14
1.90171e-14
-3.30532e-14
-0.0491575
3.52397e-15
0.0996005
-0.0584225
1.44578e-14
-8.54261e-14
-4.14997e-15
1.53931e-14
0.0908181
-3.71344e-14
-0.298954
0.197714
-1.61372e-14
2.1484e-14
0.143391
-0.177739
2.09835e-14
0.0445129
-5.27263e-15
-8.15951e-15
-1.01947e-13
-1.59417e-13
1.20276e-14
-1.39302e-14
-0.0371135
1.95659e-14
0.137585
-0.102133
6.25967e-16
2.687e-14
-0.125147
0.177739
-6.16737e-15
-0.0511786
2.15325e-14
-3.80092e-14
-2.18716e-13
3.77501e-14
0.0306416
-0.0497384
-1.0608e-14
0.0228901
-4.4845e-14
-4.89696e-14
-2.07162e-13
-0.00354431
-1.728e-14
-4.87363e-14
-2.08008e-13
-5.51126e-14
-2.05518e-13
-2.04629e-13
5.97406e-14
8.06954e-14
-9.18348e-13
-9.37069e-13
-2.20103e-13
-8.80539e-13
-1.57751e-13
-1.56046e-13
-0.00315757
-7.75063e-13
-5.87333e-14
-4.44624e-14
0.0198889
-3.20401e-16
-0.0421836
0.0255056
1.11751e-13
-7.51736e-13
-1.49051e-14
-3.18513e-14
-0.0420857
4.75765e-14
0.143391
-0.0987074
7.61539e-14
1.30082e-13
-0.0778133
0.102133
5.60978e-15
-0.0269716
-3.29966e-14
-9.54662e-14
-1.01083e-12
-7.76689e-13
3.57025e-14
6.69847e-14
0.0319791
1.15284e-13
-0.125147
0.0987089
1.6069e-14
2.0235e-13
0.132829
-0.197714
-2.70543e-14
0.0592978
-1.33618e-13
-1.24579e-13
-1.09759e-12
2.52891e-13
-0.0378014
0.0636516
-1.05861e-13
-0.0308858
-1.22279e-13
-1.9952e-13
-1.10294e-12
0.00508107
-2.34159e-13
-2.62071e-13
-1.04194e-12
-3.29363e-13
-1.01321e-12
-1.00943e-12
2.89378e-13
-3.33075e-13
6.30081e-14
4.74649e-14
-0.00743554
7.49962e-14
0.0306411
-0.0255067
-1.80283e-14
1.27023e-13
-0.0378017
0.0584225
-4.7376e-14
-0.0184268
-4.96753e-14
-9.7988e-14
-4.91625e-13
1.38662e-13
0.0174663
-0.0308388
-6.07854e-14
0.016637
-1.17041e-13
-1.12849e-13
-4.77101e-13
-0.00315719
-1.08577e-13
-1.46645e-13
-4.71481e-13
-1.71828e-13
-4.50306e-13
-4.32917e-13
1.08252e-13
1.85675e-13
-0.00277046
0.00515568
-1.07514e-13
-0.00319539
-1.28933e-13
-1.72202e-13
-5.65469e-13
0.000909574
-1.65045e-13
-1.92482e-13
-5.50174e-13
-2.24604e-13
-5.29735e-13
-5.1394e-13
1.09861e-13
-9.94059e-05
-2.04857e-13
-2.31647e-13
-5.21072e-13
-2.59309e-13
-4.95954e-13
-4.76721e-13
1.09945e-13
-2.8401e-13
-4.72219e-13
-4.49662e-13
4.77334e-14
-4.15789e-13
2.45115e-14
5.14612e-14
-8.38682e-14
-2.39086e-13
1.02449e-13
-4.94329e-14
6.87579e-13
-5.5776e-14
6.71219e-13
5.99649e-13
2.73164e-13
6.09287e-14
6.9166e-13
6.18168e-13
2.56768e-13
5.93201e-13
2.16189e-13
1.76106e-13
9.94059e-05
-2.94996e-14
6.54619e-13
5.83155e-13
2.10405e-13
5.56853e-13
1.90785e-13
1.14787e-13
-0.000909574
5.65745e-13
1.39352e-13
1.15967e-13
0.00319539
5.62344e-14
-0.00515568
0.00277046
-1.07232e-13
-2.67252e-14
5.22008e-13
4.58816e-13
1.50832e-13
4.39594e-13
9.87094e-14
9.01705e-14
0.00315719
4.51075e-13
1.34375e-13
2.17963e-14
-0.016637
4.58899e-14
0.0308388
-0.0174663
-7.8021e-14
4.00507e-13
4.87496e-14
3.58546e-14
0.0184268
-2.21186e-14
-0.0584225
0.0378017
-6.20616e-14
-2.0352e-14
0.0255067
-0.0306411
-2.09008e-14
0.00743554
4.07752e-15
8.54116e-15
5.33957e-13
-9.0113e-14
1.07737e-12
9.99631e-13
2.46268e-13
9.46516e-13
1.92939e-13
1.11003e-13
-0.00508107
9.05897e-13
1.01684e-13
9.1474e-14
0.0308858
-1.87497e-14
-0.0636516
0.0378014
-1.21784e-13
8.27099e-13
6.09761e-14
-4.34628e-14
-0.0592978
-5.00362e-14
0.197714
-0.132829
-9.35303e-14
-1.35553e-13
-0.0987089
0.125147
-8.12277e-15
-0.0319791
7.60782e-14
7.67752e-14
1.12865e-12
6.94526e-13
-2.84346e-14
-5.74268e-14
0.0269716
-1.22772e-13
-0.102133
0.0778133
-2.99811e-14
-1.66726e-13
0.0987074
-0.143391
7.24943e-14
0.0420857
8.55087e-14
1.22438e-13
9.86665e-13
-2.2971e-13
-0.0255056
0.0421836
7.41363e-14
-0.0198889
1.51786e-13
1.42639e-13
9.77026e-13
0.00315757
2.18889e-13
2.39346e-13
9.45015e-13
2.91546e-13
9.158e-13
8.96012e-13
-2.58993e-13
-1.89914e-14
2.27034e-13
1.73148e-13
4.0435e-14
1.66842e-13
2.53656e-14
-5.3156e-15
0.00354431
1.93516e-13
4.83774e-14
-5.05747e-15
-0.0228901
4.39032e-15
0.0497384
-0.0306416
-1.28573e-14
1.55265e-13
-4.3156e-16
-8.99091e-15
0.0511786
-4.74549e-14
-0.177739
0.125147
-1.72593e-14
-1.5631e-14
0.102133
-0.137585
2.83406e-14
0.0371135
7.39919e-15
2.12255e-14
2.13137e-13
7.20661e-14
1.54614e-15
-2.39798e-14
-0.0445129
5.18407e-16
0.177739
-0.143391
1.74553e-14
-1.98008e-14
-0.197714
0.298954
-3.9053e-14
-0.0908181
6.17617e-14
-9.99128e-15
1.00473e-13
-2.0076e-14
0.0584225
-0.0996005
3.71745e-14
0.0491575
-2.16098e-14
4.63154e-14
7.58608e-14
-0.00823629
3.25794e-14
1.20138e-14
1.03888e-13
3.10466e-14
9.82252e-14
8.03242e-14
-2.10168e-14
4.69607e-13
-3.58001e-14
-7.66993e-14
0.0118693
-1.13745e-13
-0.0497384
0.0421834
-6.21827e-16
-1.30469e-13
0.063652
-0.0996004
7.55308e-14
0.0318292
7.11867e-14
1.08805e-13
6.77093e-13
-1.82227e-13
-0.0308388
0.0550129
6.99117e-14
-0.0302162
1.52765e-13
1.03329e-13
6.74812e-13
0.00584693
1.63735e-13
1.91207e-13
6.36146e-13
2.20528e-13
6.20134e-13
6.15654e-13
-1.59973e-13
-1.71096e-13
0.00515552
-0.00966819
1.02991e-13
0.00609115
1.19599e-13
1.37015e-13
5.33444e-13
-0.00178139
1.8415e-13
1.75729e-13
5.02903e-13
2.06559e-13
4.89234e-13
4.86216e-13
-1.11327e-13
0.00020291
1.97367e-13
2.01395e-13
4.84959e-13
2.27344e-13
4.6767e-13
4.62365e-13
-6.78646e-14
2.69991e-13
4.27301e-13
4.18845e-13
-7.50319e-14
3.93604e-13
-5.72136e-14
-8.77847e-15
7.84747e-14
-2.30299e-15
7.00053e-14
1.65109e-14
1.88989e-14
1.63595e-14
1.52128e-14
-2.26313e-14
-0.000810263
5.88241e-14
4.40025e-14
9.59208e-15
0.00534648
1.35888e-15
-0.0118693
0.00743659
-8.88319e-15
2.80003e-14
2.40026e-14
-1.70333e-14
-0.0125935
-1.67116e-14
0.0445125
-0.0319805
-1.16575e-14
1.00994e-14
-0.0269709
0.0371137
-6.18339e-15
-0.0101847
6.2074e-15
-4.94711e-15
4.65557e-14
-4.19228e-14
1.60261e-14
1.3611e-14
0.0125943
2.00838e-14
-0.051179
0.0420847
-1.91441e-15
2.01192e-14
0.0592981
-0.090818
-2.11564e-14
0.0279243
-3.32853e-14
-4.3192e-15
-6.02845e-14
2.47354e-14
-0.018428
0.0318295
-2.15991e-14
-0.0160834
-7.1356e-15
-5.61475e-15
-8.18099e-14
0.00277758
-4.05037e-14
-3.1601e-14
-3.73617e-14
-2.15882e-14
-4.66641e-14
-7.58085e-14
8.50109e-15
3.44641e-13
-2.43719e-14
-7.09746e-14
-0.0053478
-9.59847e-14
0.0228906
-0.0198877
3.84918e-15
-1.01085e-13
-0.0308847
0.0491577
4.12138e-14
-0.0160855
7.62149e-14
8.03323e-14
5.07626e-13
-1.46657e-13
0.0166371
-0.0302161
5.60579e-14
0.0171996
9.00743e-14
9.28e-14
5.13386e-13
-0.00346327
1.31287e-13
1.4734e-13
4.82514e-13
1.69481e-13
4.65691e-13
4.5758e-13
-1.20482e-13
-1.25492e-13
-0.00319557
0.00609095
7.17714e-14
-0.00396782
8.52127e-14
1.01845e-13
3.75419e-13
0.001222
1.31795e-13
1.20269e-13
3.49901e-13
1.55774e-13
3.39591e-13
3.35905e-13
-7.72081e-14
-0.000149568
1.42745e-13
1.47322e-13
3.39547e-13
1.65285e-13
3.26224e-13
3.20499e-13
-4.41825e-14
1.97636e-13
2.97237e-13
2.8829e-13
-5.87949e-14
2.68665e-13
-4.56772e-14
8.53601e-16
5.43629e-14
-2.44867e-13
4.45977e-14
2.05084e-14
0.000810752
3.7841e-14
-0.00354449
0.00315726
-3.6142e-15
9.49081e-14
0.00508034
-0.00823644
-2.45216e-14
0.00277863
-4.41772e-14
-5.74176e-14
-3.57895e-13
9.26881e-14
-0.00315711
0.00584687
-4.04747e-14
-0.00346346
-5.62364e-14
-7.64771e-14
-3.54827e-13
0.000727647
-8.47783e-14
-9.67063e-14
-3.43888e-13
-1.18571e-13
-3.28579e-13
-3.20083e-13
8.59497e-14
1.45459e-13
0.000910166
-0.0017814
-8.20143e-14
0.00122125
-1.06596e-13
-1.18221e-13
-4.36861e-13
-0.000403891
-1.37258e-13
-1.59003e-13
-4.2176e-13
-1.71331e-13
-4.04676e-13
-3.93975e-13
8.27793e-14
5.38763e-05
-1.59559e-13
-1.76144e-13
-4.00812e-13
-2.02448e-13
-3.8024e-13
-3.71087e-13
8.92068e-14
-2.23788e-13
-3.58499e-13
-3.44788e-13
3.41421e-14
-3.16964e-13
1.48369e-14
4.37927e-14
-6.42922e-14
-3.45467e-14
-9.96624e-05
0.000202965
1.93523e-14
-0.000149191
2.75694e-14
2.32241e-14
1.04882e-13
5.37015e-05
3.61465e-14
3.80186e-14
9.80309e-14
4.1393e-14
9.79018e-14
9.38195e-14
-2.50895e-14
-7.813e-06
4.20225e-14
3.67702e-14
9.5532e-14
4.55728e-14
9.16239e-14
8.79444e-14
1.28997e-15
5.50981e-14
8.70044e-14
7.90137e-14
-2.86979e-14
7.68257e-14
-2.62312e-14
1.56838e-14
1.53228e-14
-7.61247e-23
2.18168e-15
-2.05376e-15
-1.56842e-16
-1.40968e-15
2.12933e-15
-4.83745e-15
1.40696e-14
1.68926e-15
4.19507e-15
-9.96846e-16
-2.14576e-14
1.37971e-15
-2.26546e-14
1.71026e-14
-4.08236e-15
-4.07505e-16
4.42707e-15
-5.08064e-15
1.68934e-15
-3.36788e-15
5.75349e-17
3.87934e-14
1.719e-14
2.30848e-15
-3.45502e-14
4.00246e-15
-1.56526e-14
2.94742e-15
-1.75383e-14
2.00832e-14
-5.27236e-22
